Color features: [array([0.00467873, 0.00155258, 0.01870537, 0.00499344, 0.00059509,
       0.00072479, 0.        , 0.        ]), array([0.00368881, 0.00318336, 0.01461411, 0.00860977, 0.00083542,
       0.00031853, 0.        , 0.        ]), array([0.00354195, 0.00334358, 0.01744461, 0.00551987, 0.00086594,
       0.00053406, 0.        , 0.        ]), array([0.00751686, 0.0014286 , 0.01092911, 0.00813293, 0.00136566,
       0.00187683, 0.        , 0.        ]), array([0.00426865, 0.00063133, 0.01651001, 0.00730896, 0.00096703,
       0.00156403, 0.        , 0.        ]), array([0.00500488, 0.00232315, 0.02009773, 0.00224876, 0.00041389,
       0.00116158, 0.        , 0.        ]), array([0.0050087 , 0.00306129, 0.0171833 , 0.00433731, 0.0009079 ,
       0.0007515 , 0.        , 0.        ]), array([0.00422287, 0.00301552, 0.02053452, 0.00277519, 0.00036621,
       0.00033569, 0.        , 0.        ]), array([0.00911522, 0.00961304, 0.00990105, 0.00192451, 0.00045395,
       0.00024223, 0.        , 0.        ]), array([0.00457001, 0.00160599, 0.01553535, 0.00811768, 0.00088501,
       0.00053596, 0.        , 0.        ])]
